{
 "cells": [
  {
   "cell_type": "markdown",
   "metadata": {},
   "source": [
    "\n",
    "<hr><hr>"
   ]
  },
  {
   "cell_type": "code",
   "execution_count": 2,
   "metadata": {},
   "outputs": [],
   "source": [
    "import numpy as np\n",
    "import pandas as pd\n",
    "import seaborn as sns\n",
    "import matplotlib.pyplot as plt\n",
    "from sklearn.impute import KNNImputer\n",
    "from sklearn.preprocessing import StandardScaler\n",
    "from sklearn.model_selection import train_test_split\n",
    "from time import sleep\n",
    "from sklearn.tree import DecisionTreeClassifier\n",
    "from sklearn.metrics import accuracy_score, confusion_matrix, classification_report\n",
    "from sklearn import tree\n",
    "from sklearn.ensemble import RandomForestClassifier\n",
    "from sklearn.model_selection import GridSearchCV\n",
    "from sklearn.neighbors import KNeighborsClassifier\n",
    "from sklearn.svm import SVC\n",
    "from sklearn.metrics import accuracy_score\n",
    "from sklearn.preprocessing import Normalizer\n",
    "import xgboost as xgb"
   ]
  },
  {
   "cell_type": "markdown",
   "metadata": {},
   "source": [
    "<h2 style=\"color:skyblue\">Data Analysis</h2>"
   ]
  },
  {
   "cell_type": "code",
   "execution_count": 17,
   "metadata": {},
   "outputs": [
    {
     "data": {
      "text/html": [
       "<div>\n",
       "<style scoped>\n",
       "    .dataframe tbody tr th:only-of-type {\n",
       "        vertical-align: middle;\n",
       "    }\n",
       "\n",
       "    .dataframe tbody tr th {\n",
       "        vertical-align: top;\n",
       "    }\n",
       "\n",
       "    .dataframe thead th {\n",
       "        text-align: right;\n",
       "    }\n",
       "</style>\n",
       "<table border=\"1\" class=\"dataframe\">\n",
       "  <thead>\n",
       "    <tr style=\"text-align: right;\">\n",
       "      <th></th>\n",
       "      <th>CRIM</th>\n",
       "      <th>ZN</th>\n",
       "      <th>INDUS</th>\n",
       "      <th>CHAS</th>\n",
       "      <th>NOX</th>\n",
       "      <th>RM</th>\n",
       "      <th>AGE</th>\n",
       "      <th>DIS</th>\n",
       "      <th>RAD</th>\n",
       "      <th>TAX</th>\n",
       "      <th>PTRATIO</th>\n",
       "      <th>B</th>\n",
       "      <th>LSTAT</th>\n",
       "      <th>MEDV</th>\n",
       "    </tr>\n",
       "  </thead>\n",
       "  <tbody>\n",
       "    <tr>\n",
       "      <th>0</th>\n",
       "      <td>0.00632</td>\n",
       "      <td>18.0</td>\n",
       "      <td>2.31</td>\n",
       "      <td>0.0</td>\n",
       "      <td>0.538</td>\n",
       "      <td>6.575</td>\n",
       "      <td>65.2</td>\n",
       "      <td>4.0900</td>\n",
       "      <td>1</td>\n",
       "      <td>296.0</td>\n",
       "      <td>15.3</td>\n",
       "      <td>396.90</td>\n",
       "      <td>4.98</td>\n",
       "      <td>24.0</td>\n",
       "    </tr>\n",
       "    <tr>\n",
       "      <th>1</th>\n",
       "      <td>0.02731</td>\n",
       "      <td>0.0</td>\n",
       "      <td>7.07</td>\n",
       "      <td>0.0</td>\n",
       "      <td>0.469</td>\n",
       "      <td>6.421</td>\n",
       "      <td>78.9</td>\n",
       "      <td>4.9671</td>\n",
       "      <td>2</td>\n",
       "      <td>242.0</td>\n",
       "      <td>17.8</td>\n",
       "      <td>396.90</td>\n",
       "      <td>9.14</td>\n",
       "      <td>21.6</td>\n",
       "    </tr>\n",
       "    <tr>\n",
       "      <th>2</th>\n",
       "      <td>0.02729</td>\n",
       "      <td>0.0</td>\n",
       "      <td>7.07</td>\n",
       "      <td>0.0</td>\n",
       "      <td>0.469</td>\n",
       "      <td>7.185</td>\n",
       "      <td>61.1</td>\n",
       "      <td>4.9671</td>\n",
       "      <td>2</td>\n",
       "      <td>242.0</td>\n",
       "      <td>17.8</td>\n",
       "      <td>392.83</td>\n",
       "      <td>4.03</td>\n",
       "      <td>34.7</td>\n",
       "    </tr>\n",
       "    <tr>\n",
       "      <th>3</th>\n",
       "      <td>0.03237</td>\n",
       "      <td>0.0</td>\n",
       "      <td>2.18</td>\n",
       "      <td>0.0</td>\n",
       "      <td>0.458</td>\n",
       "      <td>6.998</td>\n",
       "      <td>45.8</td>\n",
       "      <td>6.0622</td>\n",
       "      <td>3</td>\n",
       "      <td>222.0</td>\n",
       "      <td>18.7</td>\n",
       "      <td>NaN</td>\n",
       "      <td>2.94</td>\n",
       "      <td>33.4</td>\n",
       "    </tr>\n",
       "    <tr>\n",
       "      <th>4</th>\n",
       "      <td>0.06905</td>\n",
       "      <td>0.0</td>\n",
       "      <td>2.18</td>\n",
       "      <td>0.0</td>\n",
       "      <td>0.458</td>\n",
       "      <td>7.147</td>\n",
       "      <td>54.2</td>\n",
       "      <td>6.0622</td>\n",
       "      <td>3</td>\n",
       "      <td>222.0</td>\n",
       "      <td>18.7</td>\n",
       "      <td>396.90</td>\n",
       "      <td>5.33</td>\n",
       "      <td>36.2</td>\n",
       "    </tr>\n",
       "    <tr>\n",
       "      <th>5</th>\n",
       "      <td>0.02985</td>\n",
       "      <td>0.0</td>\n",
       "      <td>2.18</td>\n",
       "      <td>0.0</td>\n",
       "      <td>0.458</td>\n",
       "      <td>6.430</td>\n",
       "      <td>58.7</td>\n",
       "      <td>6.0622</td>\n",
       "      <td>3</td>\n",
       "      <td>222.0</td>\n",
       "      <td>18.7</td>\n",
       "      <td>394.12</td>\n",
       "      <td>5.21</td>\n",
       "      <td>28.7</td>\n",
       "    </tr>\n",
       "    <tr>\n",
       "      <th>6</th>\n",
       "      <td>0.08829</td>\n",
       "      <td>12.5</td>\n",
       "      <td>7.87</td>\n",
       "      <td>0.0</td>\n",
       "      <td>0.524</td>\n",
       "      <td>6.012</td>\n",
       "      <td>66.6</td>\n",
       "      <td>5.5605</td>\n",
       "      <td>5</td>\n",
       "      <td>311.0</td>\n",
       "      <td>15.2</td>\n",
       "      <td>395.60</td>\n",
       "      <td>12.43</td>\n",
       "      <td>22.9</td>\n",
       "    </tr>\n",
       "    <tr>\n",
       "      <th>7</th>\n",
       "      <td>0.14455</td>\n",
       "      <td>12.5</td>\n",
       "      <td>7.87</td>\n",
       "      <td>0.0</td>\n",
       "      <td>0.524</td>\n",
       "      <td>6.172</td>\n",
       "      <td>96.1</td>\n",
       "      <td>5.9505</td>\n",
       "      <td>5</td>\n",
       "      <td>311.0</td>\n",
       "      <td>15.2</td>\n",
       "      <td>396.90</td>\n",
       "      <td>19.15</td>\n",
       "      <td>27.1</td>\n",
       "    </tr>\n",
       "    <tr>\n",
       "      <th>8</th>\n",
       "      <td>0.21124</td>\n",
       "      <td>12.5</td>\n",
       "      <td>7.87</td>\n",
       "      <td>0.0</td>\n",
       "      <td>0.524</td>\n",
       "      <td>5.631</td>\n",
       "      <td>100.0</td>\n",
       "      <td>6.0821</td>\n",
       "      <td>5</td>\n",
       "      <td>311.0</td>\n",
       "      <td>15.2</td>\n",
       "      <td>386.63</td>\n",
       "      <td>29.93</td>\n",
       "      <td>16.5</td>\n",
       "    </tr>\n",
       "    <tr>\n",
       "      <th>9</th>\n",
       "      <td>0.17004</td>\n",
       "      <td>12.5</td>\n",
       "      <td>7.87</td>\n",
       "      <td>0.0</td>\n",
       "      <td>0.524</td>\n",
       "      <td>6.004</td>\n",
       "      <td>85.9</td>\n",
       "      <td>6.5921</td>\n",
       "      <td>5</td>\n",
       "      <td>311.0</td>\n",
       "      <td>15.2</td>\n",
       "      <td>386.71</td>\n",
       "      <td>17.10</td>\n",
       "      <td>18.9</td>\n",
       "    </tr>\n",
       "  </tbody>\n",
       "</table>\n",
       "</div>"
      ],
      "text/plain": [
       "      CRIM    ZN  INDUS  CHAS    NOX     RM    AGE     DIS  RAD    TAX  \\\n",
       "0  0.00632  18.0   2.31   0.0  0.538  6.575   65.2  4.0900    1  296.0   \n",
       "1  0.02731   0.0   7.07   0.0  0.469  6.421   78.9  4.9671    2  242.0   \n",
       "2  0.02729   0.0   7.07   0.0  0.469  7.185   61.1  4.9671    2  242.0   \n",
       "3  0.03237   0.0   2.18   0.0  0.458  6.998   45.8  6.0622    3  222.0   \n",
       "4  0.06905   0.0   2.18   0.0  0.458  7.147   54.2  6.0622    3  222.0   \n",
       "5  0.02985   0.0   2.18   0.0  0.458  6.430   58.7  6.0622    3  222.0   \n",
       "6  0.08829  12.5   7.87   0.0  0.524  6.012   66.6  5.5605    5  311.0   \n",
       "7  0.14455  12.5   7.87   0.0  0.524  6.172   96.1  5.9505    5  311.0   \n",
       "8  0.21124  12.5   7.87   0.0  0.524  5.631  100.0  6.0821    5  311.0   \n",
       "9  0.17004  12.5   7.87   0.0  0.524  6.004   85.9  6.5921    5  311.0   \n",
       "\n",
       "   PTRATIO       B  LSTAT  MEDV  \n",
       "0     15.3  396.90   4.98  24.0  \n",
       "1     17.8  396.90   9.14  21.6  \n",
       "2     17.8  392.83   4.03  34.7  \n",
       "3     18.7     NaN   2.94  33.4  \n",
       "4     18.7  396.90   5.33  36.2  \n",
       "5     18.7  394.12   5.21  28.7  \n",
       "6     15.2  395.60  12.43  22.9  \n",
       "7     15.2  396.90  19.15  27.1  \n",
       "8     15.2  386.63  29.93  16.5  \n",
       "9     15.2  386.71  17.10  18.9  "
      ]
     },
     "execution_count": 17,
     "metadata": {},
     "output_type": "execute_result"
    }
   ],
   "source": [
    "df = pd.read_excel(\"DataSet.xlsx\")\n",
    "df.head(10)"
   ]
  },
  {
   "cell_type": "code",
   "execution_count": 18,
   "metadata": {},
   "outputs": [
    {
     "name": "stdout",
     "output_type": "stream",
     "text": [
      "<class 'pandas.core.frame.DataFrame'>\n",
      "RangeIndex: 506 entries, 0 to 505\n",
      "Data columns (total 14 columns):\n",
      " #   Column   Non-Null Count  Dtype  \n",
      "---  ------   --------------  -----  \n",
      " 0   CRIM     506 non-null    float64\n",
      " 1   ZN       506 non-null    float64\n",
      " 2   INDUS    506 non-null    float64\n",
      " 3   CHAS     480 non-null    float64\n",
      " 4   NOX      506 non-null    float64\n",
      " 5   RM       506 non-null    float64\n",
      " 6   AGE      506 non-null    float64\n",
      " 7   DIS      479 non-null    float64\n",
      " 8   RAD      506 non-null    int64  \n",
      " 9   TAX      506 non-null    float64\n",
      " 10  PTRATIO  506 non-null    float64\n",
      " 11  B        486 non-null    float64\n",
      " 12  LSTAT    506 non-null    float64\n",
      " 13  MEDV     452 non-null    float64\n",
      "dtypes: float64(13), int64(1)\n",
      "memory usage: 55.5 KB\n"
     ]
    }
   ],
   "source": [
    "df.info()"
   ]
  },
  {
   "cell_type": "code",
   "execution_count": 19,
   "metadata": {},
   "outputs": [
    {
     "data": {
      "text/html": [
       "<div>\n",
       "<style scoped>\n",
       "    .dataframe tbody tr th:only-of-type {\n",
       "        vertical-align: middle;\n",
       "    }\n",
       "\n",
       "    .dataframe tbody tr th {\n",
       "        vertical-align: top;\n",
       "    }\n",
       "\n",
       "    .dataframe thead th {\n",
       "        text-align: right;\n",
       "    }\n",
       "</style>\n",
       "<table border=\"1\" class=\"dataframe\">\n",
       "  <thead>\n",
       "    <tr style=\"text-align: right;\">\n",
       "      <th></th>\n",
       "      <th>Missed</th>\n",
       "      <th>Percent</th>\n",
       "    </tr>\n",
       "  </thead>\n",
       "  <tbody>\n",
       "    <tr>\n",
       "      <th>CRIM</th>\n",
       "      <td>0</td>\n",
       "      <td>0.000000</td>\n",
       "    </tr>\n",
       "    <tr>\n",
       "      <th>ZN</th>\n",
       "      <td>0</td>\n",
       "      <td>0.000000</td>\n",
       "    </tr>\n",
       "    <tr>\n",
       "      <th>INDUS</th>\n",
       "      <td>0</td>\n",
       "      <td>0.000000</td>\n",
       "    </tr>\n",
       "    <tr>\n",
       "      <th>CHAS</th>\n",
       "      <td>26</td>\n",
       "      <td>5.138340</td>\n",
       "    </tr>\n",
       "    <tr>\n",
       "      <th>NOX</th>\n",
       "      <td>0</td>\n",
       "      <td>0.000000</td>\n",
       "    </tr>\n",
       "    <tr>\n",
       "      <th>RM</th>\n",
       "      <td>0</td>\n",
       "      <td>0.000000</td>\n",
       "    </tr>\n",
       "    <tr>\n",
       "      <th>AGE</th>\n",
       "      <td>0</td>\n",
       "      <td>0.000000</td>\n",
       "    </tr>\n",
       "    <tr>\n",
       "      <th>DIS</th>\n",
       "      <td>27</td>\n",
       "      <td>5.335968</td>\n",
       "    </tr>\n",
       "    <tr>\n",
       "      <th>RAD</th>\n",
       "      <td>0</td>\n",
       "      <td>0.000000</td>\n",
       "    </tr>\n",
       "    <tr>\n",
       "      <th>TAX</th>\n",
       "      <td>0</td>\n",
       "      <td>0.000000</td>\n",
       "    </tr>\n",
       "    <tr>\n",
       "      <th>PTRATIO</th>\n",
       "      <td>0</td>\n",
       "      <td>0.000000</td>\n",
       "    </tr>\n",
       "    <tr>\n",
       "      <th>B</th>\n",
       "      <td>20</td>\n",
       "      <td>3.952569</td>\n",
       "    </tr>\n",
       "    <tr>\n",
       "      <th>LSTAT</th>\n",
       "      <td>0</td>\n",
       "      <td>0.000000</td>\n",
       "    </tr>\n",
       "    <tr>\n",
       "      <th>MEDV</th>\n",
       "      <td>54</td>\n",
       "      <td>10.671937</td>\n",
       "    </tr>\n",
       "  </tbody>\n",
       "</table>\n",
       "</div>"
      ],
      "text/plain": [
       "         Missed    Percent\n",
       "CRIM          0   0.000000\n",
       "ZN            0   0.000000\n",
       "INDUS         0   0.000000\n",
       "CHAS         26   5.138340\n",
       "NOX           0   0.000000\n",
       "RM            0   0.000000\n",
       "AGE           0   0.000000\n",
       "DIS          27   5.335968\n",
       "RAD           0   0.000000\n",
       "TAX           0   0.000000\n",
       "PTRATIO       0   0.000000\n",
       "B            20   3.952569\n",
       "LSTAT         0   0.000000\n",
       "MEDV         54  10.671937"
      ]
     },
     "execution_count": 19,
     "metadata": {},
     "output_type": "execute_result"
    }
   ],
   "source": [
    "# << Calculating The Missed Data Rate >>\n",
    "not_missed = df.count()\n",
    "percents = ((df.shape[0] - not_missed) / df.shape[0])*100\n",
    "missing_df = pd.concat([df.shape[0] - not_missed, percents], axis=1, keys=[\"Missed\", \"Percent\"])\n",
    "missing_df"
   ]
  },
  {
   "cell_type": "code",
   "execution_count": 20,
   "metadata": {},
   "outputs": [
    {
     "data": {
      "text/html": [
       "<div>\n",
       "<style scoped>\n",
       "    .dataframe tbody tr th:only-of-type {\n",
       "        vertical-align: middle;\n",
       "    }\n",
       "\n",
       "    .dataframe tbody tr th {\n",
       "        vertical-align: top;\n",
       "    }\n",
       "\n",
       "    .dataframe thead th {\n",
       "        text-align: right;\n",
       "    }\n",
       "</style>\n",
       "<table border=\"1\" class=\"dataframe\">\n",
       "  <thead>\n",
       "    <tr style=\"text-align: right;\">\n",
       "      <th></th>\n",
       "      <th>CRIM</th>\n",
       "      <th>ZN</th>\n",
       "      <th>INDUS</th>\n",
       "      <th>CHAS</th>\n",
       "      <th>NOX</th>\n",
       "      <th>RM</th>\n",
       "      <th>AGE</th>\n",
       "      <th>DIS</th>\n",
       "      <th>RAD</th>\n",
       "      <th>TAX</th>\n",
       "      <th>PTRATIO</th>\n",
       "      <th>B</th>\n",
       "      <th>LSTAT</th>\n",
       "      <th>MEDV</th>\n",
       "    </tr>\n",
       "  </thead>\n",
       "  <tbody>\n",
       "    <tr>\n",
       "      <th>count</th>\n",
       "      <td>506.000000</td>\n",
       "      <td>506.000000</td>\n",
       "      <td>506.000000</td>\n",
       "      <td>480.000000</td>\n",
       "      <td>506.000000</td>\n",
       "      <td>506.000000</td>\n",
       "      <td>506.000000</td>\n",
       "      <td>479.000000</td>\n",
       "      <td>506.000000</td>\n",
       "      <td>506.000000</td>\n",
       "      <td>506.000000</td>\n",
       "      <td>486.000000</td>\n",
       "      <td>506.000000</td>\n",
       "      <td>452.000000</td>\n",
       "    </tr>\n",
       "    <tr>\n",
       "      <th>mean</th>\n",
       "      <td>1.269195</td>\n",
       "      <td>13.295257</td>\n",
       "      <td>9.205158</td>\n",
       "      <td>0.175000</td>\n",
       "      <td>1.101175</td>\n",
       "      <td>15.679800</td>\n",
       "      <td>58.744660</td>\n",
       "      <td>6.211663</td>\n",
       "      <td>78.063241</td>\n",
       "      <td>339.317787</td>\n",
       "      <td>42.614980</td>\n",
       "      <td>336.820947</td>\n",
       "      <td>11.537806</td>\n",
       "      <td>23.750442</td>\n",
       "    </tr>\n",
       "    <tr>\n",
       "      <th>std</th>\n",
       "      <td>2.399207</td>\n",
       "      <td>23.048697</td>\n",
       "      <td>7.169630</td>\n",
       "      <td>0.380364</td>\n",
       "      <td>1.646991</td>\n",
       "      <td>27.220206</td>\n",
       "      <td>33.104049</td>\n",
       "      <td>6.527286</td>\n",
       "      <td>203.542157</td>\n",
       "      <td>180.670077</td>\n",
       "      <td>87.585243</td>\n",
       "      <td>121.174519</td>\n",
       "      <td>6.064932</td>\n",
       "      <td>8.808602</td>\n",
       "    </tr>\n",
       "    <tr>\n",
       "      <th>min</th>\n",
       "      <td>0.000000</td>\n",
       "      <td>0.000000</td>\n",
       "      <td>0.000000</td>\n",
       "      <td>0.000000</td>\n",
       "      <td>0.385000</td>\n",
       "      <td>3.561000</td>\n",
       "      <td>1.137000</td>\n",
       "      <td>1.129600</td>\n",
       "      <td>1.000000</td>\n",
       "      <td>20.200000</td>\n",
       "      <td>2.600000</td>\n",
       "      <td>0.320000</td>\n",
       "      <td>1.730000</td>\n",
       "      <td>6.300000</td>\n",
       "    </tr>\n",
       "    <tr>\n",
       "      <th>25%</th>\n",
       "      <td>0.049443</td>\n",
       "      <td>0.000000</td>\n",
       "      <td>3.440000</td>\n",
       "      <td>0.000000</td>\n",
       "      <td>0.449000</td>\n",
       "      <td>5.961500</td>\n",
       "      <td>32.000000</td>\n",
       "      <td>2.425900</td>\n",
       "      <td>4.000000</td>\n",
       "      <td>254.000000</td>\n",
       "      <td>17.000000</td>\n",
       "      <td>370.415000</td>\n",
       "      <td>6.877500</td>\n",
       "      <td>18.500000</td>\n",
       "    </tr>\n",
       "    <tr>\n",
       "      <th>50%</th>\n",
       "      <td>0.144655</td>\n",
       "      <td>0.000000</td>\n",
       "      <td>6.960000</td>\n",
       "      <td>0.000000</td>\n",
       "      <td>0.538000</td>\n",
       "      <td>6.322500</td>\n",
       "      <td>65.250000</td>\n",
       "      <td>3.917500</td>\n",
       "      <td>5.000000</td>\n",
       "      <td>307.000000</td>\n",
       "      <td>18.900000</td>\n",
       "      <td>390.885000</td>\n",
       "      <td>10.380000</td>\n",
       "      <td>21.950000</td>\n",
       "    </tr>\n",
       "    <tr>\n",
       "      <th>75%</th>\n",
       "      <td>0.819623</td>\n",
       "      <td>18.100000</td>\n",
       "      <td>18.100000</td>\n",
       "      <td>0.000000</td>\n",
       "      <td>0.647000</td>\n",
       "      <td>6.949000</td>\n",
       "      <td>89.975000</td>\n",
       "      <td>6.341400</td>\n",
       "      <td>24.000000</td>\n",
       "      <td>403.000000</td>\n",
       "      <td>20.200000</td>\n",
       "      <td>395.630000</td>\n",
       "      <td>15.015000</td>\n",
       "      <td>26.600000</td>\n",
       "    </tr>\n",
       "    <tr>\n",
       "      <th>max</th>\n",
       "      <td>9.966540</td>\n",
       "      <td>100.000000</td>\n",
       "      <td>27.740000</td>\n",
       "      <td>1.000000</td>\n",
       "      <td>7.313000</td>\n",
       "      <td>100.000000</td>\n",
       "      <td>100.000000</td>\n",
       "      <td>24.000000</td>\n",
       "      <td>666.000000</td>\n",
       "      <td>711.000000</td>\n",
       "      <td>396.900000</td>\n",
       "      <td>396.900000</td>\n",
       "      <td>34.410000</td>\n",
       "      <td>50.000000</td>\n",
       "    </tr>\n",
       "  </tbody>\n",
       "</table>\n",
       "</div>"
      ],
      "text/plain": [
       "             CRIM          ZN       INDUS        CHAS         NOX          RM  \\\n",
       "count  506.000000  506.000000  506.000000  480.000000  506.000000  506.000000   \n",
       "mean     1.269195   13.295257    9.205158    0.175000    1.101175   15.679800   \n",
       "std      2.399207   23.048697    7.169630    0.380364    1.646991   27.220206   \n",
       "min      0.000000    0.000000    0.000000    0.000000    0.385000    3.561000   \n",
       "25%      0.049443    0.000000    3.440000    0.000000    0.449000    5.961500   \n",
       "50%      0.144655    0.000000    6.960000    0.000000    0.538000    6.322500   \n",
       "75%      0.819623   18.100000   18.100000    0.000000    0.647000    6.949000   \n",
       "max      9.966540  100.000000   27.740000    1.000000    7.313000  100.000000   \n",
       "\n",
       "              AGE         DIS         RAD         TAX     PTRATIO           B  \\\n",
       "count  506.000000  479.000000  506.000000  506.000000  506.000000  486.000000   \n",
       "mean    58.744660    6.211663   78.063241  339.317787   42.614980  336.820947   \n",
       "std     33.104049    6.527286  203.542157  180.670077   87.585243  121.174519   \n",
       "min      1.137000    1.129600    1.000000   20.200000    2.600000    0.320000   \n",
       "25%     32.000000    2.425900    4.000000  254.000000   17.000000  370.415000   \n",
       "50%     65.250000    3.917500    5.000000  307.000000   18.900000  390.885000   \n",
       "75%     89.975000    6.341400   24.000000  403.000000   20.200000  395.630000   \n",
       "max    100.000000   24.000000  666.000000  711.000000  396.900000  396.900000   \n",
       "\n",
       "            LSTAT        MEDV  \n",
       "count  506.000000  452.000000  \n",
       "mean    11.537806   23.750442  \n",
       "std      6.064932    8.808602  \n",
       "min      1.730000    6.300000  \n",
       "25%      6.877500   18.500000  \n",
       "50%     10.380000   21.950000  \n",
       "75%     15.015000   26.600000  \n",
       "max     34.410000   50.000000  "
      ]
     },
     "execution_count": 20,
     "metadata": {},
     "output_type": "execute_result"
    }
   ],
   "source": [
    "df.describe()"
   ]
  },
  {
   "cell_type": "code",
   "execution_count": 21,
   "metadata": {},
   "outputs": [
    {
     "data": {
      "text/html": [
       "<div>\n",
       "<style scoped>\n",
       "    .dataframe tbody tr th:only-of-type {\n",
       "        vertical-align: middle;\n",
       "    }\n",
       "\n",
       "    .dataframe tbody tr th {\n",
       "        vertical-align: top;\n",
       "    }\n",
       "\n",
       "    .dataframe thead th {\n",
       "        text-align: right;\n",
       "    }\n",
       "</style>\n",
       "<table border=\"1\" class=\"dataframe\">\n",
       "  <thead>\n",
       "    <tr style=\"text-align: right;\">\n",
       "      <th></th>\n",
       "      <th>CRIM</th>\n",
       "      <th>ZN</th>\n",
       "      <th>INDUS</th>\n",
       "      <th>CHAS</th>\n",
       "      <th>NOX</th>\n",
       "      <th>RM</th>\n",
       "      <th>AGE</th>\n",
       "      <th>DIS</th>\n",
       "      <th>RAD</th>\n",
       "      <th>TAX</th>\n",
       "      <th>PTRATIO</th>\n",
       "      <th>B</th>\n",
       "      <th>LSTAT</th>\n",
       "      <th>MEDV</th>\n",
       "    </tr>\n",
       "  </thead>\n",
       "  <tbody>\n",
       "    <tr>\n",
       "      <th>CRIM</th>\n",
       "      <td>1.000000</td>\n",
       "      <td>-0.288969</td>\n",
       "      <td>0.586719</td>\n",
       "      <td>-0.108808</td>\n",
       "      <td>-0.139448</td>\n",
       "      <td>-0.185045</td>\n",
       "      <td>0.462470</td>\n",
       "      <td>-0.314674</td>\n",
       "      <td>-0.151996</td>\n",
       "      <td>0.754362</td>\n",
       "      <td>-0.140015</td>\n",
       "      <td>-0.076602</td>\n",
       "      <td>0.392225</td>\n",
       "      <td>-0.286245</td>\n",
       "    </tr>\n",
       "    <tr>\n",
       "      <th>ZN</th>\n",
       "      <td>-0.288969</td>\n",
       "      <td>1.000000</td>\n",
       "      <td>-0.491587</td>\n",
       "      <td>0.027097</td>\n",
       "      <td>0.038450</td>\n",
       "      <td>0.078721</td>\n",
       "      <td>-0.488006</td>\n",
       "      <td>0.273419</td>\n",
       "      <td>0.062767</td>\n",
       "      <td>-0.256799</td>\n",
       "      <td>0.049491</td>\n",
       "      <td>0.029200</td>\n",
       "      <td>-0.390092</td>\n",
       "      <td>0.331570</td>\n",
       "    </tr>\n",
       "    <tr>\n",
       "      <th>INDUS</th>\n",
       "      <td>0.586719</td>\n",
       "      <td>-0.491587</td>\n",
       "      <td>1.000000</td>\n",
       "      <td>-0.278229</td>\n",
       "      <td>-0.394483</td>\n",
       "      <td>-0.448809</td>\n",
       "      <td>0.700699</td>\n",
       "      <td>-0.613465</td>\n",
       "      <td>-0.427834</td>\n",
       "      <td>0.748951</td>\n",
       "      <td>-0.351166</td>\n",
       "      <td>0.198492</td>\n",
       "      <td>0.465583</td>\n",
       "      <td>-0.411915</td>\n",
       "    </tr>\n",
       "    <tr>\n",
       "      <th>CHAS</th>\n",
       "      <td>-0.108808</td>\n",
       "      <td>0.027097</td>\n",
       "      <td>-0.278229</td>\n",
       "      <td>1.000000</td>\n",
       "      <td>0.750855</td>\n",
       "      <td>0.751928</td>\n",
       "      <td>-0.394058</td>\n",
       "      <td>0.705812</td>\n",
       "      <td>0.757421</td>\n",
       "      <td>-0.461679</td>\n",
       "      <td>0.602163</td>\n",
       "      <td>-0.621240</td>\n",
       "      <td>0.052407</td>\n",
       "      <td>0.136668</td>\n",
       "    </tr>\n",
       "    <tr>\n",
       "      <th>NOX</th>\n",
       "      <td>-0.139448</td>\n",
       "      <td>0.038450</td>\n",
       "      <td>-0.394483</td>\n",
       "      <td>0.750855</td>\n",
       "      <td>1.000000</td>\n",
       "      <td>0.975767</td>\n",
       "      <td>-0.550065</td>\n",
       "      <td>0.923152</td>\n",
       "      <td>0.985957</td>\n",
       "      <td>-0.570346</td>\n",
       "      <td>0.775302</td>\n",
       "      <td>-0.843068</td>\n",
       "      <td>0.079688</td>\n",
       "      <td>-0.332778</td>\n",
       "    </tr>\n",
       "    <tr>\n",
       "      <th>RM</th>\n",
       "      <td>-0.185045</td>\n",
       "      <td>0.078721</td>\n",
       "      <td>-0.448809</td>\n",
       "      <td>0.751928</td>\n",
       "      <td>0.975767</td>\n",
       "      <td>1.000000</td>\n",
       "      <td>-0.595786</td>\n",
       "      <td>0.946355</td>\n",
       "      <td>0.992620</td>\n",
       "      <td>-0.610962</td>\n",
       "      <td>0.806522</td>\n",
       "      <td>-0.830466</td>\n",
       "      <td>0.029450</td>\n",
       "      <td>0.740181</td>\n",
       "    </tr>\n",
       "    <tr>\n",
       "      <th>AGE</th>\n",
       "      <td>0.462470</td>\n",
       "      <td>-0.488006</td>\n",
       "      <td>0.700699</td>\n",
       "      <td>-0.394058</td>\n",
       "      <td>-0.550065</td>\n",
       "      <td>-0.595786</td>\n",
       "      <td>1.000000</td>\n",
       "      <td>-0.749412</td>\n",
       "      <td>-0.585574</td>\n",
       "      <td>0.635697</td>\n",
       "      <td>-0.477048</td>\n",
       "      <td>0.377477</td>\n",
       "      <td>0.414354</td>\n",
       "      <td>-0.299893</td>\n",
       "    </tr>\n",
       "    <tr>\n",
       "      <th>DIS</th>\n",
       "      <td>-0.314674</td>\n",
       "      <td>0.273419</td>\n",
       "      <td>-0.613465</td>\n",
       "      <td>0.705812</td>\n",
       "      <td>0.923152</td>\n",
       "      <td>0.946355</td>\n",
       "      <td>-0.749412</td>\n",
       "      <td>1.000000</td>\n",
       "      <td>0.947272</td>\n",
       "      <td>-0.697195</td>\n",
       "      <td>0.758289</td>\n",
       "      <td>-0.752246</td>\n",
       "      <td>-0.074013</td>\n",
       "      <td>0.129355</td>\n",
       "    </tr>\n",
       "    <tr>\n",
       "      <th>RAD</th>\n",
       "      <td>-0.151996</td>\n",
       "      <td>0.062767</td>\n",
       "      <td>-0.427834</td>\n",
       "      <td>0.757421</td>\n",
       "      <td>0.985957</td>\n",
       "      <td>0.992620</td>\n",
       "      <td>-0.585574</td>\n",
       "      <td>0.947272</td>\n",
       "      <td>1.000000</td>\n",
       "      <td>-0.586540</td>\n",
       "      <td>0.805556</td>\n",
       "      <td>-0.845427</td>\n",
       "      <td>0.056185</td>\n",
       "      <td>-0.217902</td>\n",
       "    </tr>\n",
       "    <tr>\n",
       "      <th>TAX</th>\n",
       "      <td>0.754362</td>\n",
       "      <td>-0.256799</td>\n",
       "      <td>0.748951</td>\n",
       "      <td>-0.461679</td>\n",
       "      <td>-0.570346</td>\n",
       "      <td>-0.610962</td>\n",
       "      <td>0.635697</td>\n",
       "      <td>-0.697195</td>\n",
       "      <td>-0.586540</td>\n",
       "      <td>1.000000</td>\n",
       "      <td>-0.485166</td>\n",
       "      <td>0.329963</td>\n",
       "      <td>0.284030</td>\n",
       "      <td>-0.345898</td>\n",
       "    </tr>\n",
       "    <tr>\n",
       "      <th>PTRATIO</th>\n",
       "      <td>-0.140015</td>\n",
       "      <td>0.049491</td>\n",
       "      <td>-0.351166</td>\n",
       "      <td>0.602163</td>\n",
       "      <td>0.775302</td>\n",
       "      <td>0.806522</td>\n",
       "      <td>-0.477048</td>\n",
       "      <td>0.758289</td>\n",
       "      <td>0.805556</td>\n",
       "      <td>-0.485166</td>\n",
       "      <td>1.000000</td>\n",
       "      <td>-0.671126</td>\n",
       "      <td>0.049208</td>\n",
       "      <td>-0.461214</td>\n",
       "    </tr>\n",
       "    <tr>\n",
       "      <th>B</th>\n",
       "      <td>-0.076602</td>\n",
       "      <td>0.029200</td>\n",
       "      <td>0.198492</td>\n",
       "      <td>-0.621240</td>\n",
       "      <td>-0.843068</td>\n",
       "      <td>-0.830466</td>\n",
       "      <td>0.377477</td>\n",
       "      <td>-0.752246</td>\n",
       "      <td>-0.845427</td>\n",
       "      <td>0.329963</td>\n",
       "      <td>-0.671126</td>\n",
       "      <td>1.000000</td>\n",
       "      <td>-0.191710</td>\n",
       "      <td>0.269605</td>\n",
       "    </tr>\n",
       "    <tr>\n",
       "      <th>LSTAT</th>\n",
       "      <td>0.392225</td>\n",
       "      <td>-0.390092</td>\n",
       "      <td>0.465583</td>\n",
       "      <td>0.052407</td>\n",
       "      <td>0.079688</td>\n",
       "      <td>0.029450</td>\n",
       "      <td>0.414354</td>\n",
       "      <td>-0.074013</td>\n",
       "      <td>0.056185</td>\n",
       "      <td>0.284030</td>\n",
       "      <td>0.049208</td>\n",
       "      <td>-0.191710</td>\n",
       "      <td>1.000000</td>\n",
       "      <td>-0.706255</td>\n",
       "    </tr>\n",
       "    <tr>\n",
       "      <th>MEDV</th>\n",
       "      <td>-0.286245</td>\n",
       "      <td>0.331570</td>\n",
       "      <td>-0.411915</td>\n",
       "      <td>0.136668</td>\n",
       "      <td>-0.332778</td>\n",
       "      <td>0.740181</td>\n",
       "      <td>-0.299893</td>\n",
       "      <td>0.129355</td>\n",
       "      <td>-0.217902</td>\n",
       "      <td>-0.345898</td>\n",
       "      <td>-0.461214</td>\n",
       "      <td>0.269605</td>\n",
       "      <td>-0.706255</td>\n",
       "      <td>1.000000</td>\n",
       "    </tr>\n",
       "  </tbody>\n",
       "</table>\n",
       "</div>"
      ],
      "text/plain": [
       "             CRIM        ZN     INDUS      CHAS       NOX        RM       AGE  \\\n",
       "CRIM     1.000000 -0.288969  0.586719 -0.108808 -0.139448 -0.185045  0.462470   \n",
       "ZN      -0.288969  1.000000 -0.491587  0.027097  0.038450  0.078721 -0.488006   \n",
       "INDUS    0.586719 -0.491587  1.000000 -0.278229 -0.394483 -0.448809  0.700699   \n",
       "CHAS    -0.108808  0.027097 -0.278229  1.000000  0.750855  0.751928 -0.394058   \n",
       "NOX     -0.139448  0.038450 -0.394483  0.750855  1.000000  0.975767 -0.550065   \n",
       "RM      -0.185045  0.078721 -0.448809  0.751928  0.975767  1.000000 -0.595786   \n",
       "AGE      0.462470 -0.488006  0.700699 -0.394058 -0.550065 -0.595786  1.000000   \n",
       "DIS     -0.314674  0.273419 -0.613465  0.705812  0.923152  0.946355 -0.749412   \n",
       "RAD     -0.151996  0.062767 -0.427834  0.757421  0.985957  0.992620 -0.585574   \n",
       "TAX      0.754362 -0.256799  0.748951 -0.461679 -0.570346 -0.610962  0.635697   \n",
       "PTRATIO -0.140015  0.049491 -0.351166  0.602163  0.775302  0.806522 -0.477048   \n",
       "B       -0.076602  0.029200  0.198492 -0.621240 -0.843068 -0.830466  0.377477   \n",
       "LSTAT    0.392225 -0.390092  0.465583  0.052407  0.079688  0.029450  0.414354   \n",
       "MEDV    -0.286245  0.331570 -0.411915  0.136668 -0.332778  0.740181 -0.299893   \n",
       "\n",
       "              DIS       RAD       TAX   PTRATIO         B     LSTAT      MEDV  \n",
       "CRIM    -0.314674 -0.151996  0.754362 -0.140015 -0.076602  0.392225 -0.286245  \n",
       "ZN       0.273419  0.062767 -0.256799  0.049491  0.029200 -0.390092  0.331570  \n",
       "INDUS   -0.613465 -0.427834  0.748951 -0.351166  0.198492  0.465583 -0.411915  \n",
       "CHAS     0.705812  0.757421 -0.461679  0.602163 -0.621240  0.052407  0.136668  \n",
       "NOX      0.923152  0.985957 -0.570346  0.775302 -0.843068  0.079688 -0.332778  \n",
       "RM       0.946355  0.992620 -0.610962  0.806522 -0.830466  0.029450  0.740181  \n",
       "AGE     -0.749412 -0.585574  0.635697 -0.477048  0.377477  0.414354 -0.299893  \n",
       "DIS      1.000000  0.947272 -0.697195  0.758289 -0.752246 -0.074013  0.129355  \n",
       "RAD      0.947272  1.000000 -0.586540  0.805556 -0.845427  0.056185 -0.217902  \n",
       "TAX     -0.697195 -0.586540  1.000000 -0.485166  0.329963  0.284030 -0.345898  \n",
       "PTRATIO  0.758289  0.805556 -0.485166  1.000000 -0.671126  0.049208 -0.461214  \n",
       "B       -0.752246 -0.845427  0.329963 -0.671126  1.000000 -0.191710  0.269605  \n",
       "LSTAT   -0.074013  0.056185  0.284030  0.049208 -0.191710  1.000000 -0.706255  \n",
       "MEDV     0.129355 -0.217902 -0.345898 -0.461214  0.269605 -0.706255  1.000000  "
      ]
     },
     "execution_count": 21,
     "metadata": {},
     "output_type": "execute_result"
    }
   ],
   "source": [
    "correlation_matrix = df.corr()\n",
    "correlation_matrix"
   ]
  },
  {
   "cell_type": "code",
   "execution_count": 22,
   "metadata": {},
   "outputs": [
    {
     "data": {
